182
864000
5283.149159
362.369579
148238950280.446366
25609130140.326110
1728000
23545.293697
2963.850037
142151568767.552323
50471889987.717099
2592000
54152.868963
9945.700312
131949043678.913060
73874526562.689839
3456000
96135.325225
23293.193623
117954891591.546330
95155282125.828984
4320000
148220.546526
44787.992516
100593151157.961629
113720269161.450101
5184000
208875.135489
75967.923380
80374954836.997957
129056878873.294171
6048000
276348.240186
118093.968456
57883919937.995623
140744783847.865212
6912000
348717.915227
172124.147934
33760694924.182855
148464644022.011797
7776000
423939.299881
238693.939653
8686900039.683103
152004633448.903640
8640000
499894.131725
318102.955284
-16631377241.773387
151264881572.135208
9504000
574441.274771
410307.732745
-41480424923.528372
146259875751.672148
10368000
645468.013254
514920.687110
-65156004418.049100
137118810963.492542
11232000
710941.839636
631215.457703
-86980613212.048302
124083807432.412454
12096000
768962.346349
758139.068272
-106320782116.498813
107505857242.719702
12960000
817812.620322
894331.449321
-122604206773.913084
87838316893.165129
13824000
856009.249458
1038152.925419
-135336416485.981097
65627744860.495812
14688000
882349.703238
1187720.214157
-144116567745.878869
41501901947.752779
15552000
895955.479451
1340951.289497
-148651826483.592946
16154796834.240467
16416000
896309.063263
1495619.111023
-148769687754.223754
-9671223674.201988
17280000
883282.482867
1649413.707595
-144427494288.847656
-35206169198.221076
18144000
857155.135214
1800011.447221
-135718378404.515762
-59675495740.419974
19008000
818618.661674
1945149.571044
-122872887224.627114
-82324950347.892132
19872000
768767.028613
2082703.295573
-106255676204.437537
-102446271857.822558
20736000
709070.633735
2210762.097252
-86356877911.740639
-119402619084.096329
21600000
641334.193938
2327701.304464
-63778064646.148993
-132652434821.423883
22464000
567639.301123
2432244.944976
-39213100374.456246
-141770394992.144675
23328000
490273.736852
2523516.010570
-13424578950.560578
-146464163523.330975
24192000
411650.760170
2601070.929966
12783079943.422342
-146585883321.874137
25056000
334222.464866
2664916.042308
38592511711.287186
-142137667436.088255
25920000
260391.809915
2715505.125685
63202730028.325014
-133270775228.440642
26784000
192427.983570
2753718.398671
85857338809.838953
-120278612890.208833
27648000
132389.365123
2780824.700074
105870211625.827496
-103584126691.388932
28512000
82057.569736
2798429.603004
122647476754.561981
-83722507667.882934
29376000
42885.027914
2808412.921997
135704990695.462605
-61320360665.518956
30240000
15957.415574
2812859.379217
144680861475.330679
-37072593072.200422
31104000
1971.162432
2813986.125879
149342945855.996251
-11718255292.934051
